# unix_time, cycles_done, cur_path, paths_total, pending_total, pending_favs, map_size, unique_crashes, unique_hangs, max_depth, execs_per_sec
1569860208, 0, 0, 4, 4, 0, 0.00%, 0, 0, 1, 12.03
1569861646, 0, 1, 4, 3, 0, 0.00%, 0, 0, 1, 11.69
1569861722, 0, 2, 4, 2, 0, 0.00%, 0, 0, 1, 11.97
1569861784, 0, 3, 4, 1, 0, 0.00%, 0, 0, 1, 12.11
1569862102, 0, 3, 4, 1, 0, 0.00%, 1, 0, 1, 11.61
1569862113, 1, 0, 4, 0, 0, 0.00%, 1, 0, 1, 12.06
1569862118, 1, 0, 4, 0, 0, 0.00%, 2, 0, 1, 12.06
1569862133, 1, 1, 4, 0, 0, 0.00%, 2, 0, 1, 12.12
1569862159, 1, 2, 4, 0, 0, 0.00%, 2, 0, 1, 11.98
1569862179, 1, 3, 4, 0, 0, 0.00%, 2, 0, 1, 11.16
1569862185, 1, 3, 4, 0, 0, 0.00%, 3, 0, 1, 10.93
1569862195, 1, 3, 4, 0, 0, 0.00%, 4, 0, 1, 12.01
1569862200, 2, 0, 4, 0, 0, 0.00%, 5, 0, 1, 11.98
1569862210, 2, 0, 4, 0, 0, 0.00%, 6, 0, 1, 11.97
1569862226, 2, 1, 4, 0, 0, 0.00%, 7, 0, 1, 11.64
1569862241, 2, 1, 4, 0, 0, 0.00%, 8, 0, 1, 11.60
1569862246, 2, 2, 4, 0, 0, 0.00%, 8, 0, 1, 11.80
1569862257, 2, 2, 4, 0, 0, 0.00%, 9, 0, 1, 11.91
1569862267, 2, 3, 4, 0, 0, 0.00%, 9, 0, 1, 11.87
1569862272, 2, 3, 4, 0, 0, 0.00%, 10, 0, 1, 11.85
1569862292, 3, 0, 4, 0, 0, 0.00%, 11, 0, 1, 11.10
1569862303, 3, 0, 4, 0, 0, 0.00%, 12, 0, 1, 11.36
1569862308, 3, 0, 4, 0, 0, 0.00%, 13, 0, 1, 11.86
1569862313, 3, 1, 4, 0, 0, 0.00%, 13, 0, 1, 11.65
1569862339, 3, 2, 4, 0, 0, 0.00%, 14, 0, 1, 11.25
1569862344, 3, 2, 4, 0, 0, 0.00%, 16, 0, 1, 11.21
1569862355, 3, 2, 4, 0, 0, 0.00%, 18, 0, 1, 11.32
1569862360, 3, 3, 4, 0, 0, 0.00%, 19, 0, 1, 11.48
1569862386, 4, 0, 4, 0, 0, 0.00%, 19, 0, 1, 10.39
1569862401, 4, 0, 4, 0, 0, 0.00%, 20, 0, 1, 10.68
1569862411, 4, 1, 4, 0, 0, 0.00%, 20, 0, 1, 10.53
1569862431, 4, 1, 4, 0, 0, 0.00%, 21, 0, 1, 10.59
1569862436, 4, 2, 4, 0, 0, 0.00%, 22, 0, 1, 10.66
1569862441, 4, 2, 4, 0, 0, 0.00%, 23, 0, 1, 10.70
1569862462, 4, 3, 4, 0, 0, 0.00%, 24, 0, 1, 10.59
1569862467, 4, 3, 4, 0, 0, 0.00%, 25, 0, 1, 10.59
1569862483, 4, 3, 4, 0, 0, 0.00%, 26, 0, 1, 10.59
1569862488, 5, 0, 4, 0, 0, 0.00%, 27, 0, 1, 10.59
1569862498, 5, 0, 4, 0, 0, 0.00%, 28, 0, 1, 10.53
1569862513, 5, 1, 4, 0, 0, 0.00%, 28, 0, 1, 10.65
1569862534, 5, 2, 4, 0, 0, 0.00%, 28, 0, 1, 11.46
1569862539, 5, 2, 4, 0, 0, 0.00%, 29, 0, 1, 11.93
1569862560, 5, 3, 4, 0, 0, 0.00%, 29, 0, 1, 12.11
1569862581, 6, 0, 4, 0, 0, 0.00%, 29, 0, 1, 12.03
1569862591, 6, 0, 4, 0, 0, 0.00%, 31, 0, 1, 11.58
1569862601, 6, 1, 4, 0, 0, 0.00%, 32, 0, 1, 11.98
1569862617, 6, 1, 4, 0, 0, 0.00%, 34, 0, 1, 12.06
1569862622, 6, 1, 4, 0, 0, 0.00%, 35, 0, 1, 12.06
1569862627, 6, 2, 4, 0, 0, 0.00%, 35, 0, 1, 12.10
1569862637, 6, 2, 4, 0, 0, 0.00%, 36, 0, 1, 11.94
1569862647, 6, 3, 4, 0, 0, 0.00%, 37, 0, 1, 12.02
1569862658, 6, 3, 4, 0, 0, 0.00%, 38, 0, 1, 12.10
1569862668, 7, 0, 4, 0, 0, 0.00%, 39, 0, 1, 11.34
1569862673, 7, 0, 4, 0, 0, 0.00%, 40, 0, 1, 11.65
1569862694, 7, 1, 4, 0, 0, 0.00%, 41, 0, 1, 11.95
1569862715, 7, 2, 4, 0, 0, 0.00%, 41, 0, 1, 12.10
1569862720, 7, 2, 4, 0, 0, 0.00%, 42, 0, 1, 12.09
1569862736, 7, 3, 4, 0, 0, 0.00%, 42, 0, 1, 12.09
1569862746, 7, 3, 4, 0, 0, 0.00%, 43, 0, 1, 12.08
1569862756, 8, 0, 4, 0, 0, 0.00%, 43, 0, 1, 12.06
1569862762, 8, 0, 4, 0, 0, 0.00%, 44, 0, 1, 12.04
1569862783, 8, 1, 4, 0, 0, 0.00%, 44, 0, 1, 12.11
1569862788, 8, 1, 4, 0, 0, 0.00%, 45, 0, 1, 12.11
1569862803, 8, 2, 4, 0, 0, 0.00%, 45, 0, 1, 12.10
1569862809, 8, 2, 4, 0, 0, 0.00%, 46, 0, 1, 12.09
1569862819, 8, 2, 4, 0, 0, 0.00%, 48, 0, 1, 12.13
1569862824, 8, 3, 4, 0, 0, 0.00%, 50, 0, 1, 12.13
1569862835, 8, 3, 4, 0, 0, 0.00%, 51, 0, 1, 12.11
1569862845, 9, 0, 4, 0, 0, 0.00%, 51, 0, 1, 12.10
1569862866, 9, 1, 4, 0, 0, 0.00%, 52, 0, 1, 12.08
1569862892, 9, 2, 4, 0, 0, 0.00%, 52, 0, 1, 12.03
1569862908, 9, 2, 4, 0, 0, 0.00%, 53, 0, 1, 12.10
1569862913, 9, 3, 4, 0, 0, 0.00%, 53, 0, 1, 12.09
1569862923, 9, 3, 4, 0, 0, 0.00%, 54, 0, 1, 12.08
1569862928, 9, 3, 4, 0, 0, 0.00%, 55, 0, 1, 12.02
1569862934, 10, 0, 4, 0, 0, 0.00%, 55, 0, 1, 11.92
1569862944, 10, 0, 4, 0, 0, 0.00%, 56, 0, 1, 12.06
1569862949, 10, 0, 4, 0, 0, 0.00%, 57, 0, 1, 12.08
1569862954, 10, 1, 4, 0, 0, 0.00%, 58, 0, 1, 11.98
1569862970, 10, 1, 4, 0, 0, 0.00%, 61, 0, 1, 12.06
1569862980, 10, 2, 4, 0, 0, 0.00%, 62, 0, 1, 12.05
1569862991, 10, 2, 4, 0, 0, 0.00%, 63, 0, 1, 12.09
1569863001, 10, 3, 4, 0, 0, 0.00%, 63, 0, 1, 12.10
1569863016, 10, 3, 4, 0, 0, 0.00%, 64, 0, 1, 11.77
1569863021, 11, 0, 4, 0, 0, 0.00%, 64, 0, 1, 11.87
1569863031, 11, 0, 4, 0, 0, 0.00%, 65, 0, 1, 11.91
1569863042, 11, 0, 4, 0, 0, 0.00%, 66, 0, 1, 11.55
1569863047, 11, 1, 4, 0, 0, 0.00%, 69, 0, 1, 11.52
1569863057, 11, 1, 4, 0, 0, 0.00%, 70, 0, 1, 11.73
1569863067, 11, 2, 4, 0, 0, 0.00%, 70, 0, 1, 11.73
1569863077, 11, 2, 4, 0, 0, 0.00%, 71, 0, 1, 11.78
1569863087, 11, 3, 4, 0, 0, 0.00%, 71, 0, 1, 11.77
1569863093, 11, 3, 4, 0, 0, 0.00%, 72, 0, 1, 11.75
1569863103, 11, 3, 4, 0, 0, 0.00%, 74, 0, 1, 11.74
1569863113, 12, 0, 4, 0, 0, 0.00%, 74, 0, 1, 11.76
1569863133, 12, 1, 4, 0, 0, 0.00%, 74, 0, 1, 11.82
1569863138, 12, 1, 4, 0, 0, 0.00%, 75, 0, 1, 11.82
1569863143, 12, 1, 4, 0, 0, 0.00%, 77, 0, 1, 11.82
1569863154, 12, 1, 4, 0, 0, 0.00%, 78, 0, 1, 11.71
1569863159, 12, 2, 4, 0, 0, 0.00%, 78, 0, 1, 11.75
1569863169, 12, 2, 4, 0, 0, 0.00%, 80, 0, 1, 11.81
1569863174, 12, 2, 4, 0, 0, 0.00%, 81, 0, 1, 11.78
1569863179, 12, 3, 4, 0, 0, 0.00%, 82, 0, 1, 11.69
1569863195, 12, 3, 4, 0, 0, 0.00%, 83, 0, 1, 11.60
1569863205, 13, 0, 4, 0, 0, 0.00%, 83, 0, 1, 11.60
1569863221, 13, 0, 4, 0, 0, 0.00%, 84, 0, 1, 11.49
1569863226, 13, 1, 4, 0, 0, 0.00%, 84, 0, 1, 11.51
1569863231, 13, 1, 4, 0, 0, 0.00%, 85, 0, 1, 11.72
1569863246, 13, 2, 4, 0, 0, 0.00%, 85, 0, 1, 11.80
1569863251, 13, 2, 4, 0, 0, 0.00%, 86, 0, 1, 11.78
1569863272, 13, 3, 4, 0, 0, 0.00%, 86, 0, 1, 11.76
1569863292, 14, 0, 4, 0, 0, 0.00%, 86, 0, 1, 11.73
1569863302, 14, 0, 4, 0, 0, 0.00%, 87, 0, 1, 11.76
1569863308, 14, 0, 4, 0, 0, 0.00%, 89, 0, 1, 11.73
1569863318, 14, 1, 4, 0, 0, 0.00%, 89, 0, 1, 11.74
1569863328, 14, 1, 4, 0, 0, 0.00%, 90, 0, 1, 11.73
1569863338, 14, 2, 4, 0, 0, 0.00%, 90, 0, 1, 11.77
1569863343, 14, 2, 4, 0, 0, 0.00%, 91, 0, 1, 11.73
1569863354, 14, 2, 4, 0, 0, 0.00%, 92, 0, 1, 11.51
1569863359, 14, 3, 4, 0, 0, 0.00%, 94, 0, 1, 11.57
1569863379, 14, 3, 4, 0, 0, 0.00%, 95, 0, 1, 11.75
1569863384, 15, 0, 4, 0, 0, 0.00%, 95, 0, 1, 11.73
1569863390, 15, 0, 4, 0, 0, 0.00%, 96, 0, 1, 11.72
1569863400, 15, 0, 4, 0, 0, 0.00%, 97, 0, 1, 11.72
1569863405, 15, 1, 4, 0, 0, 0.00%, 98, 0, 1, 11.73
1569863410, 15, 1, 4, 0, 0, 0.00%, 99, 0, 1, 11.77
1569863431, 15, 2, 4, 0, 0, 0.00%, 99, 0, 1, 11.74
1569863436, 15, 2, 4, 0, 0, 0.00%, 100, 0, 1, 11.77
1569863446, 15, 2, 4, 0, 0, 0.00%, 101, 0, 1, 11.76
1569863451, 15, 3, 4, 0, 0, 0.00%, 101, 0, 1, 11.76
1569863477, 16, 0, 4, 0, 0, 0.00%, 102, 0, 1, 11.78
1569863482, 16, 0, 4, 0, 0, 0.00%, 103, 0, 1, 11.78
1569863492, 16, 0, 4, 0, 0, 0.00%, 104, 0, 1, 11.77
1569863497, 16, 1, 4, 0, 0, 0.00%, 105, 0, 1, 11.77
1569863512, 16, 1, 4, 0, 0, 0.00%, 106, 0, 1, 11.76
1569863517, 16, 2, 4, 0, 0, 0.00%, 107, 0, 1, 11.76
1569863522, 16, 2, 4, 0, 0, 0.00%, 108, 0, 1, 11.71
1569863528, 16, 2, 4, 0, 0, 0.00%, 110, 0, 1, 11.76
1569863533, 16, 2, 4, 0, 0, 0.00%, 111, 0, 1, 11.77
1569863538, 16, 2, 4, 0, 0, 0.00%, 112, 0, 1, 11.68
1569863543, 16, 3, 4, 0, 0, 0.00%, 112, 0, 1, 11.83
1569863553, 16, 3, 4, 0, 0, 0.00%, 113, 0, 1, 11.86
