# unix_time, cycles_done, cur_path, paths_total, pending_total, pending_favs, map_size, unique_crashes, unique_hangs, max_depth, execs_per_sec
1569970310, 0, 0, 4, 4, 4, 0.16%, 0, 0, 1, 13.28
1569970315, 0, 0, 8, 8, 4, 0.16%, 0, 0, 2, 13.23
1569970320, 0, 0, 13, 13, 4, 0.16%, 0, 0, 2, 13.23
1569970326, 0, 0, 15, 15, 4, 0.16%, 0, 0, 2, 13.34
1569970331, 0, 0, 17, 17, 4, 0.16%, 0, 0, 2, 13.47
1569970336, 0, 0, 18, 18, 4, 0.16%, 0, 0, 2, 13.51
1569970346, 0, 0, 19, 19, 4, 0.16%, 0, 0, 2, 12.93
1569970366, 0, 0, 20, 20, 4, 0.16%, 0, 0, 2, 9.72
1569970454, 0, 0, 21, 21, 4, 0.16%, 0, 0, 2, 13.32
1569970459, 0, 0, 22, 22, 4, 0.16%, 0, 0, 2, 13.38
1569970593, 0, 0, 23, 23, 4, 0.17%, 0, 0, 2, 13.79
1569970807, 0, 0, 25, 25, 4, 0.18%, 0, 0, 2, 14.25
1569970812, 0, 0, 29, 29, 4, 0.18%, 0, 0, 2, 14.21
1569970817, 0, 0, 32, 32, 4, 0.18%, 0, 0, 2, 14.23
1569970822, 0, 0, 35, 35, 4, 0.19%, 0, 0, 2, 14.34
1569970827, 0, 0, 38, 38, 4, 0.19%, 1, 0, 2, 14.10
1569970832, 0, 0, 39, 39, 4, 0.20%, 1, 0, 2, 14.22
1569970842, 0, 0, 40, 40, 4, 0.20%, 1, 0, 2, 14.18
1569970847, 0, 0, 41, 41, 4, 0.20%, 1, 0, 2, 14.27
1569970852, 0, 0, 43, 43, 4, 0.20%, 1, 0, 2, 14.30
1569970867, 0, 0, 44, 44, 4, 0.20%, 1, 0, 2, 14.27
1569970872, 0, 0, 45, 45, 4, 0.20%, 1, 0, 2, 14.38
1569970877, 0, 0, 46, 46, 4, 0.20%, 1, 0, 2, 14.24
1569970882, 0, 0, 47, 47, 4, 0.20%, 1, 0, 2, 14.30
1569970897, 0, 0, 48, 48, 4, 0.20%, 2, 0, 2, 14.31
1569970918, 0, 0, 48, 48, 4, 0.20%, 3, 0, 2, 14.30
1569970923, 0, 0, 48, 48, 4, 0.20%, 4, 0, 2, 14.37
1569970928, 0, 0, 49, 49, 4, 0.20%, 4, 0, 2, 14.34
1569970933, 0, 0, 50, 50, 4, 0.20%, 4, 0, 2, 14.31
1569971009, 0, 0, 51, 51, 4, 0.20%, 4, 0, 2, 14.18
1569971049, 0, 0, 52, 52, 4, 0.20%, 4, 0, 2, 14.16
1569971054, 0, 3, 52, 51, 14, 0.20%, 4, 0, 2, 14.25
1569971146, 0, 22, 52, 50, 13, 0.20%, 4, 0, 2, 13.73
1569971191, 0, 23, 52, 49, 12, 0.20%, 4, 0, 2, 13.64
1569971540, 0, 23, 52, 49, 12, 0.20%, 5, 0, 2, 14.02
1569971612, 0, 23, 52, 49, 12, 0.20%, 6, 0, 2, 13.87
1569971837, 0, 23, 53, 50, 12, 0.20%, 6, 0, 3, 13.80
1569971852, 0, 23, 54, 51, 12, 0.20%, 6, 0, 3, 13.69
1569971868, 0, 25, 54, 50, 11, 0.20%, 6, 0, 3, 13.60
1569972163, 0, 25, 54, 50, 11, 0.20%, 7, 0, 3, 14.05
1569972434, 0, 27, 54, 49, 10, 0.20%, 7, 0, 3, 12.48
1569972877, 0, 34, 54, 48, 9, 0.20%, 7, 0, 3, 14.36
1569973311, 0, 35, 54, 47, 8, 0.20%, 7, 0, 3, 14.02
1569973858, 0, 36, 54, 46, 7, 0.20%, 7, 0, 3, 14.17
1569974509, 0, 36, 55, 47, 7, 0.20%, 7, 0, 3, 14.99
1569974519, 0, 36, 56, 48, 7, 0.20%, 7, 0, 3, 15.02
1569974534, 0, 38, 56, 47, 6, 0.20%, 7, 0, 3, 15.03
1569975052, 0, 39, 56, 46, 5, 0.20%, 7, 0, 3, 14.71
1569975396, 0, 39, 56, 46, 5, 0.20%, 8, 0, 3, 15.03
1569975401, 0, 40, 56, 45, 4, 0.20%, 8, 0, 3, 15.03
1569975828, 0, 41, 56, 44, 3, 0.20%, 8, 0, 3, 15.03
1569976178, 0, 41, 57, 45, 3, 0.20%, 8, 0, 3, 15.08
1569976475, 0, 44, 57, 44, 2, 0.20%, 8, 0, 3, 14.99
1569976765, 0, 46, 57, 43, 1, 0.20%, 8, 0, 3, 15.05
1569977099, 0, 52, 57, 42, 0, 0.20%, 8, 0, 3, 15.03
1569977156, 0, 52, 58, 43, 0, 0.20%, 8, 0, 4, 15.03
1569977735, 0, 52, 59, 44, 0, 0.20%, 8, 0, 4, 15.04
1569977746, 0, 52, 60, 45, 0, 0.20%, 10, 0, 4, 15.07
1569977751, 0, 52, 60, 45, 0, 0.20%, 11, 0, 4, 15.05
1569977756, 0, 52, 60, 45, 0, 0.20%, 13, 0, 4, 15.01
1569977843, 0, 52, 60, 45, 0, 0.20%, 14, 0, 4, 14.99
1569978361, 0, 52, 61, 46, 0, 0.20%, 14, 0, 4, 15.07
1569978366, 0, 52, 62, 47, 0, 0.20%, 15, 0, 4, 15.08
1569978377, 0, 52, 63, 48, 0, 0.20%, 15, 0, 4, 15.08
1569978392, 0, 52, 65, 50, 0, 0.20%, 15, 0, 4, 15.01
1569978418, 0, 52, 66, 51, 0, 0.20%, 15, 0, 4, 15.02
1569978464, 0, 52, 67, 52, 0, 0.20%, 15, 0, 4, 15.00
1569978500, 0, 52, 68, 53, 0, 0.20%, 15, 0, 4, 15.03
1569978520, 0, 52, 69, 54, 0, 0.20%, 15, 0, 4, 15.03
1569978530, 0, 52, 69, 54, 0, 0.20%, 16, 0, 4, 15.05
1569978582, 0, 56, 69, 53, 0, 0.20%, 16, 0, 4, 14.93
1569979243, 0, 58, 69, 52, 0, 0.20%, 16, 0, 4, 15.07
1569980496, 1, 2, 69, 51, 0, 0.20%, 16, 0, 4, 15.07
1569980538, 1, 5, 69, 50, 0, 0.20%, 16, 0, 4, 15.08
1569980938, 1, 7, 69, 49, 0, 0.20%, 16, 0, 4, 14.95
1569981389, 1, 9, 69, 48, 0, 0.20%, 16, 0, 4, 15.06
1569981795, 1, 14, 69, 47, 0, 0.20%, 16, 0, 4, 14.94
1569982247, 1, 16, 69, 46, 0, 0.20%, 16, 0, 4, 15.04
1569982427, 1, 24, 69, 45, 0, 0.20%, 16, 0, 4, 15.07
1569982760, 1, 25, 69, 44, 0, 0.20%, 16, 0, 4, 15.04
1569982766, 1, 28, 69, 44, 0, 0.20%, 16, 0, 4, 15.05
1569982991, 1, 36, 69, 43, 0, 0.20%, 16, 0, 4, 15.03
1569982996, 1, 37, 70, 44, 0, 0.20%, 16, 0, 4, 14.93
1569983155, 1, 37, 70, 44, 0, 0.20%, 17, 0, 4, 14.96
1569983361, 1, 40, 70, 43, 0, 0.20%, 17, 0, 4, 14.85
1569983366, 1, 47, 70, 43, 0, 0.20%, 17, 0, 4, 14.99
1569983968, 1, 48, 70, 42, 0, 0.20%, 17, 0, 4, 14.93
1569984616, 1, 48, 70, 42, 0, 0.20%, 18, 0, 4, 15.01
1569984621, 1, 51, 70, 41, 0, 0.20%, 19, 0, 4, 14.94
1569984631, 1, 51, 71, 42, 0, 0.20%, 19, 0, 4, 15.02
1569985057, 1, 54, 71, 41, 0, 0.20%, 19, 0, 4, 15.03
1569985910, 1, 54, 72, 42, 0, 0.20%, 19, 0, 4, 14.68
1569985915, 1, 54, 73, 43, 0, 0.20%, 19, 0, 4, 14.77
1569985920, 1, 54, 74, 44, 0, 0.20%, 19, 0, 4, 14.99
1569985941, 1, 54, 76, 46, 0, 0.20%, 19, 0, 4, 15.06
1569985977, 1, 54, 76, 46, 0, 0.20%, 20, 0, 4, 15.06
1569985987, 1, 54, 77, 47, 0, 0.20%, 20, 0, 4, 15.01
1569985997, 1, 54, 78, 48, 0, 0.20%, 20, 0, 4, 15.05
1569986028, 1, 54, 79, 49, 0, 0.20%, 20, 0, 4, 14.97
1569986079, 1, 54, 80, 50, 0, 0.20%, 20, 0, 4, 14.85
1569986104, 1, 54, 81, 51, 0, 0.20%, 20, 0, 4, 15.03
1569986135, 1, 55, 81, 50, 0, 0.20%, 20, 0, 4, 14.87
1569987116, 1, 60, 81, 49, 0, 0.20%, 20, 0, 4, 15.10
1569988468, 1, 60, 82, 50, 0, 0.20%, 20, 0, 5, 14.99
1569988483, 1, 60, 83, 51, 0, 0.20%, 20, 0, 5, 15.06
1569988488, 1, 60, 84, 52, 0, 0.20%, 20, 0, 5, 15.02
1569988570, 1, 66, 84, 51, 0, 0.20%, 20, 0, 5, 14.95
1569988616, 1, 66, 85, 52, 0, 0.20%, 20, 0, 5, 14.71
1569988632, 1, 66, 86, 53, 0, 0.20%, 20, 0, 5, 15.06
1569989903, 1, 66, 87, 54, 0, 0.20%, 20, 0, 5, 15.04
1569989908, 1, 66, 88, 55, 0, 0.20%, 20, 0, 5, 15.00
1569989954, 1, 67, 88, 54, 0, 0.20%, 20, 0, 5, 15.07
1569990933, 1, 67, 89, 55, 0, 0.20%, 20, 0, 5, 15.05
1569990949, 1, 69, 89, 54, 0, 0.20%, 20, 0, 5, 15.06
1569992219, 1, 70, 89, 53, 0, 0.20%, 20, 0, 5, 15.09
1569992666, 1, 71, 89, 52, 0, 0.20%, 20, 0, 5, 14.96
1569993973, 1, 71, 90, 53, 0, 0.20%, 20, 0, 5, 12.90
1569993988, 1, 71, 91, 54, 0, 0.20%, 20, 0, 5, 12.81
1569993998, 1, 71, 92, 55, 0, 0.20%, 20, 0, 5, 12.55
1569994019, 1, 71, 93, 56, 0, 0.20%, 20, 0, 5, 12.32
1569994143, 1, 71, 94, 57, 0, 0.20%, 20, 0, 5, 12.76
1569994236, 1, 82, 94, 56, 0, 0.20%, 20, 0, 5, 12.37
1569996331, 1, 82, 95, 57, 0, 0.20%, 20, 0, 6, 14.41
1569996377, 1, 90, 95, 56, 0, 0.20%, 20, 0, 6, 14.80
1569998424, 1, 90, 96, 57, 0, 0.20%, 20, 0, 6, 15.02
1569998429, 1, 90, 97, 58, 0, 0.20%, 20, 0, 6, 15.03
1569998444, 1, 90, 98, 59, 0, 0.20%, 20, 0, 6, 15.00
1569998449, 1, 90, 99, 60, 0, 0.20%, 20, 0, 6, 15.04
1569998470, 1, 90, 100, 61, 0, 0.20%, 20, 0, 6, 15.06
1569998495, 1, 90, 101, 62, 0, 0.20%, 20, 0, 6, 14.83
1569998593, 1, 90, 102, 63, 0, 0.20%, 20, 0, 6, 14.85
1569998633, 1, 95, 102, 62, 0, 0.20%, 20, 0, 6, 15.04
1570001985, 1, 97, 102, 61, 0, 0.20%, 20, 0, 6, 15.03
1570005883, 1, 97, 103, 62, 0, 0.20%, 20, 0, 7, 15.06
1570005924, 1, 99, 103, 61, 0, 0.20%, 20, 0, 7, 15.05
1570009580, 1, 99, 104, 62, 0, 0.20%, 20, 0, 7, 15.01
1570009632, 1, 102, 104, 61, 0, 0.20%, 20, 0, 7, 15.01
1570014772, 1, 102, 105, 62, 0, 0.20%, 20, 0, 8, 15.05
1570014798, 1, 102, 106, 63, 0, 0.20%, 20, 0, 8, 14.87
1570014849, 1, 102, 107, 64, 0, 0.20%, 20, 0, 8, 14.94
1570015013, 1, 103, 107, 63, 0, 0.20%, 20, 0, 8, 11.86
